2018/04/24  14:43:20.467309	-4.102846E-1
2018/04/24  14:43:20.467329	-4.106066E-1
2018/04/24  14:43:20.467349	-4.102846E-1
2018/04/24  14:43:20.467369	-4.096408E-1
2018/04/24  14:43:20.467389	-4.089969E-1
2018/04/24  14:43:20.467409	-4.093188E-1
2018/04/24  14:43:20.467429	-4.093188E-1
2018/04/24  14:43:20.467449	-4.093188E-1
2018/04/24  14:43:20.467469	-4.093188E-1
2018/04/24  14:43:20.467489	-4.093188E-1
2018/04/24  14:43:20.467509	-4.096408E-1
2018/04/24  14:43:20.467529	-4.093188E-1
2018/04/24  14:43:20.467549	-4.099627E-1
2018/04/24  14:43:20.467569	-4.083531E-1
2018/04/24  14:43:20.467589	-4.089969E-1
2018/04/24  14:43:20.467609	-4.099627E-1
2018/04/24  14:43:20.467629	-4.102846E-1
2018/04/24  14:43:20.467649	-4.096408E-1
2018/04/24  14:43:20.467669	-4.096408E-1
2018/04/24  14:43:20.467689	-4.102846E-1
2018/04/24  14:43:20.467709	-4.102846E-1
2018/04/24  14:43:20.467729	-4.118943E-1
2018/04/24  14:43:20.467749	-4.118943E-1
2018/04/24  14:43:20.467769	-4.112504E-1
2018/04/24  14:43:20.467789	-4.122162E-1
2018/04/24  14:43:20.467809	-4.128601E-1
2018/04/24  14:43:20.467829	-4.125381E-1
2018/04/24  14:43:20.467849	-4.128601E-1
2018/04/24  14:43:20.467869	-4.125381E-1
2018/04/24  14:43:20.467889	-4.128601E-1
2018/04/24  14:43:20.467909	-4.131820E-1
2018/04/24  14:43:20.467929	-4.128601E-1
2018/04/24  14:43:20.467949	-4.128601E-1
2018/04/24  14:43:20.467969	-4.128601E-1
2018/04/24  14:43:20.467989	-4.128601E-1
2018/04/24  14:43:20.468009	-4.131820E-1
2018/04/24  14:43:20.468029	-4.138258E-1
2018/04/24  14:43:20.468049	-4.144697E-1
2018/04/24  14:43:20.468069	-4.135039E-1
2018/04/24  14:43:20.468089	-4.141478E-1
2018/04/24  14:43:20.468109	-4.135039E-1
2018/04/24  14:43:20.468129	-4.131820E-1
2018/04/24  14:43:20.468149	-4.135039E-1
2018/04/24  14:43:20.468169	-4.144697E-1
2018/04/24  14:43:20.468189	-4.141478E-1
2018/04/24  14:43:20.468209	-4.147916E-1
2018/04/24  14:43:20.468229	-4.141478E-1
2018/04/24  14:43:20.468249	-4.141478E-1
2018/04/24  14:43:20.468269	-4.138258E-1
2018/04/24  14:43:20.468289	-4.131820E-1
2018/04/24  14:43:20.468309	-4.122162E-1
2018/04/24  14:43:20.468329	-4.131820E-1
2018/04/24  14:43:20.468349	-4.115723E-1
2018/04/24  14:43:20.468369	-4.112504E-1
2018/04/24  14:43:20.468389	-4.115723E-1
2018/04/24  14:43:20.468409	-4.112504E-1
2018/04/24  14:43:20.468429	-4.112504E-1
2018/04/24  14:43:20.468449	-4.102846E-1
2018/04/24  14:43:20.468469	-4.109285E-1
2018/04/24  14:43:20.468489	-4.106066E-1
2018/04/24  14:43:20.468509	-4.099627E-1
2018/04/24  14:43:20.468529	-4.099627E-1
2018/04/24  14:43:20.468549	-4.096408E-1
2018/04/24  14:43:20.468569	-4.099627E-1
2018/04/24  14:43:20.468589	-4.112504E-1
2018/04/24  14:43:20.468609	-4.102846E-1
2018/04/24  14:43:20.468629	-4.106066E-1
2018/04/24  14:43:20.468649	-4.106066E-1
2018/04/24  14:43:20.468669	-4.089969E-1
2018/04/24  14:43:20.468689	-4.089969E-1
2018/04/24  14:43:20.468709	-4.080311E-1
2018/04/24  14:43:20.468729	-4.080311E-1
2018/04/24  14:43:20.468749	-4.067434E-1
2018/04/24  14:43:20.468769	-4.054557E-1
2018/04/24  14:43:20.468789	-4.051338E-1
2018/04/24  14:43:20.468809	-4.054557E-1
2018/04/24  14:43:20.468829	-4.048118E-1
2018/04/24  14:43:20.468849	-4.051338E-1
2018/04/24  14:43:20.468869	-4.048118E-1
2018/04/24  14:43:20.468889	-4.038461E-1
2018/04/24  14:43:20.468909	-4.038461E-1
2018/04/24  14:43:20.468929	-4.038461E-1
2018/04/24  14:43:20.468949	-4.032022E-1
2018/04/24  14:43:20.468969	-4.025583E-1
2018/04/24  14:43:20.468989	-4.035241E-1
2018/04/24  14:43:20.469009	-4.032022E-1
2018/04/24  14:43:20.469029	-4.035241E-1
2018/04/24  14:43:20.469049	-4.028803E-1
2018/04/24  14:43:20.469069	-4.028803E-1
2018/04/24  14:43:20.469089	-4.022364E-1
2018/04/24  14:43:20.469109	-4.032022E-1
2018/04/24  14:43:20.469129	-4.022364E-1
2018/04/24  14:43:20.469149	-4.019145E-1
2018/04/24  14:43:20.469169	-4.012706E-1
2018/04/24  14:43:20.469189	-4.022364E-1
2018/04/24  14:43:20.469209	-4.028803E-1
2018/04/24  14:43:20.469229	-4.025583E-1
2018/04/24  14:43:20.469249	-4.022364E-1
2018/04/24  14:43:20.469269	-4.019145E-1
2018/04/24  14:43:20.469289	-4.009487E-1
2018/04/24  14:43:20.469309	-4.015926E-1
2018/04/24  14:43:20.469329	-4.032022E-1
2018/04/24  14:43:20.469349	-4.044899E-1
2018/04/24  14:43:20.469369	-4.051338E-1
2018/04/24  14:43:20.469389	-4.048118E-1
2018/04/24  14:43:20.469409	-4.048118E-1
2018/04/24  14:43:20.469429	-4.048118E-1
2018/04/24  14:43:20.469449	-4.048118E-1
2018/04/24  14:43:20.469469	-4.048118E-1
2018/04/24  14:43:20.469489	-4.044899E-1
2018/04/24  14:43:20.469509	-4.038461E-1
2018/04/24  14:43:20.469529	-4.051338E-1
2018/04/24  14:43:20.469549	-4.051338E-1
2018/04/24  14:43:20.469569	-4.038461E-1
2018/04/24  14:43:20.469589	-4.044899E-1
2018/04/24  14:43:20.469609	-4.038461E-1
2018/04/24  14:43:20.469629	-4.048118E-1
2018/04/24  14:43:20.469649	-4.048118E-1
2018/04/24  14:43:20.469669	-4.044899E-1
2018/04/24  14:43:20.469689	-4.048118E-1
2018/04/24  14:43:20.469709	-4.054557E-1
2018/04/24  14:43:20.469729	-4.057776E-1
2018/04/24  14:43:20.469749	-4.057776E-1
2018/04/24  14:43:20.469769	-4.064215E-1
2018/04/24  14:43:20.469789	-4.057776E-1
2018/04/24  14:43:20.469809	-4.057776E-1
2018/04/24  14:43:20.469829	-4.051338E-1
2018/04/24  14:43:20.469849	-4.051338E-1
2018/04/24  14:43:20.469869	-4.041680E-1
2018/04/24  14:43:20.469889	-4.038461E-1
2018/04/24  14:43:20.469909	-4.038461E-1
2018/04/24  14:43:20.469929	-4.025583E-1
2018/04/24  14:43:20.469949	-4.022364E-1
2018/04/24  14:43:20.469969	-4.019145E-1
2018/04/24  14:43:20.469989	-4.022364E-1
2018/04/24  14:43:20.470009	-4.015926E-1
2018/04/24  14:43:20.470029	-3.999829E-1
2018/04/24  14:43:20.470049	-3.999829E-1
2018/04/24  14:43:20.470069	-4.006268E-1
2018/04/24  14:43:20.470089	-4.006268E-1
2018/04/24  14:43:20.470109	-4.009487E-1
2018/04/24  14:43:20.470129	-4.009487E-1
2018/04/24  14:43:20.470149	-4.003048E-1
2018/04/24  14:43:20.470169	-4.006268E-1
2018/04/24  14:43:20.470189	-3.996610E-1
2018/04/24  14:43:20.470209	-3.993391E-1
2018/04/24  14:43:20.470229	-3.996610E-1
2018/04/24  14:43:20.470249	-3.986952E-1
2018/04/24  14:43:20.470269	-3.986952E-1
2018/04/24  14:43:20.470289	-3.996610E-1
2018/04/24  14:43:20.470309	-4.003048E-1
2018/04/24  14:43:20.470329	-3.999829E-1
2018/04/24  14:43:20.470349	-3.990171E-1
2018/04/24  14:43:20.470369	-3.977294E-1
2018/04/24  14:43:20.470389	-3.970856E-1
2018/04/24  14:43:20.470409	-3.970856E-1
2018/04/24  14:43:20.470429	-3.970856E-1
2018/04/24  14:43:20.470449	-3.961198E-1
2018/04/24  14:43:20.470469	-3.954759E-1
2018/04/24  14:43:20.470489	-3.957979E-1
2018/04/24  14:43:20.470509	-3.941882E-1
2018/04/24  14:43:20.470529	-3.948321E-1
2018/04/24  14:43:20.470549	-3.948321E-1
2018/04/24  14:43:20.470569	-3.948321E-1
2018/04/24  14:43:20.470589	-3.964417E-1
2018/04/24  14:43:20.470609	-3.970856E-1
2018/04/24  14:43:20.470629	-3.964417E-1
2018/04/24  14:43:20.470649	-3.945101E-1
2018/04/24  14:43:20.470669	-3.945101E-1
2018/04/24  14:43:20.470689	-3.948321E-1
2018/04/24  14:43:20.470709	-3.941882E-1
2018/04/24  14:43:20.470729	-3.941882E-1
2018/04/24  14:43:20.470749	-3.941882E-1
2018/04/24  14:43:20.470769	-3.932224E-1
2018/04/24  14:43:20.470789	-3.925786E-1
2018/04/24  14:43:20.470809	-3.919347E-1
2018/04/24  14:43:20.470829	-3.922566E-1
2018/04/24  14:43:20.470849	-3.929005E-1
2018/04/24  14:43:20.470869	-3.925786E-1
2018/04/24  14:43:20.470889	-3.925786E-1
2018/04/24  14:43:20.470909	-3.938663E-1
2018/04/24  14:43:20.470929	-3.929005E-1
2018/04/24  14:43:20.470949	-3.925786E-1
2018/04/24  14:43:20.470969	-3.922566E-1
2018/04/24  14:43:20.470989	-3.916128E-1
2018/04/24  14:43:20.471009	-3.906470E-1
2018/04/24  14:43:20.471029	-3.906470E-1
2018/04/24  14:43:20.471049	-3.903251E-1
2018/04/24  14:43:20.471069	-3.919347E-1
2018/04/24  14:43:20.471089	-3.919347E-1
2018/04/24  14:43:20.471109	-3.906470E-1
2018/04/24  14:43:20.471129	-3.912909E-1
2018/04/24  14:43:20.471149	-3.906470E-1
2018/04/24  14:43:20.471169	-3.896812E-1
2018/04/24  14:43:20.471189	-3.883935E-1
2018/04/24  14:43:20.471209	-3.874277E-1
2018/04/24  14:43:20.471229	-3.861400E-1
2018/04/24  14:43:20.471249	-3.848523E-1
2018/04/24  14:43:20.471269	-3.842084E-1
2018/04/24  14:43:20.471289	-3.842084E-1
2018/04/24  14:43:20.471309	-3.838865E-1
2018/04/24  14:43:20.471329	-3.842084E-1
2018/04/24  14:43:20.471349	-3.835646E-1
2018/04/24  14:43:20.471369	-3.832426E-1
2018/04/24  14:43:20.471389	-3.829207E-1
2018/04/24  14:43:20.471409	-3.835646E-1
2018/04/24  14:43:20.471429	-3.829207E-1
2018/04/24  14:43:20.471449	-3.832426E-1
2018/04/24  14:43:20.471469	-3.819549E-1
2018/04/24  14:43:20.471489	-3.819549E-1
2018/04/24  14:43:20.471509	-3.816330E-1
2018/04/24  14:43:20.471529	-3.806672E-1
2018/04/24  14:43:20.471549	-3.803453E-1
2018/04/24  14:43:20.471569	-3.793795E-1
2018/04/24  14:43:20.471589	-3.777699E-1
2018/04/24  14:43:20.471609	-3.774479E-1
2018/04/24  14:43:20.471629	-3.780918E-1
2018/04/24  14:43:20.471649	-3.780918E-1
2018/04/24  14:43:20.471669	-3.787357E-1
2018/04/24  14:43:20.471689	-3.780918E-1
2018/04/24  14:43:20.471709	-3.774479E-1
2018/04/24  14:43:20.471729	-3.780918E-1
2018/04/24  14:43:20.471749	-3.768041E-1
2018/04/24  14:43:20.471769	-3.777699E-1
2018/04/24  14:43:20.471789	-3.764822E-1
2018/04/24  14:43:20.471809	-3.758383E-1
2018/04/24  14:43:20.471829	-3.751944E-1
2018/04/24  14:43:20.471849	-3.745506E-1
2018/04/24  14:43:20.471869	-3.755164E-1
2018/04/24  14:43:20.471889	-3.764822E-1
2018/04/24  14:43:20.471909	-3.768041E-1
2018/04/24  14:43:20.471929	-3.751944E-1
2018/04/24  14:43:20.471949	-3.758383E-1
2018/04/24  14:43:20.471969	-3.751944E-1
2018/04/24  14:43:20.471989	-3.751944E-1
2018/04/24  14:43:20.472009	-3.751944E-1
2018/04/24  14:43:20.472029	-3.745506E-1
2018/04/24  14:43:20.472049	-3.729409E-1
2018/04/24  14:43:20.472069	-3.726190E-1
2018/04/24  14:43:20.472089	-3.729409E-1
2018/04/24  14:43:20.472109	-3.719752E-1
2018/04/24  14:43:20.472129	-3.722971E-1
2018/04/24  14:43:20.472149	-3.719752E-1
2018/04/24  14:43:20.472169	-3.722971E-1
2018/04/24  14:43:20.472189	-3.719752E-1
2018/04/24  14:43:20.472209	-3.726190E-1
2018/04/24  14:43:20.472229	-3.722971E-1
2018/04/24  14:43:20.472249	-3.719752E-1
2018/04/24  14:43:20.472269	-3.713313E-1
2018/04/24  14:43:20.472289	-3.713313E-1
2018/04/24  14:43:20.472309	-3.716532E-1
2018/04/24  14:43:20.472329	-3.703655E-1
2018/04/24  14:43:20.472349	-3.710094E-1
2018/04/24  14:43:20.472369	-3.700436E-1
2018/04/24  14:43:20.472389	-3.687559E-1
2018/04/24  14:43:20.472409	-3.687559E-1
2018/04/24  14:43:20.472429	-3.690778E-1
2018/04/24  14:43:20.472449	-3.677901E-1
2018/04/24  14:43:20.472469	-3.693997E-1
2018/04/24  14:43:20.472489	-3.684339E-1
2018/04/24  14:43:20.472509	-3.684339E-1
2018/04/24  14:43:20.472529	-3.674682E-1
2018/04/24  14:43:20.472549	-3.677901E-1
2018/04/24  14:43:20.472569	-3.671462E-1
2018/04/24  14:43:20.472589	-3.674682E-1
2018/04/24  14:43:20.472609	-3.681120E-1
2018/04/24  14:43:20.472629	-3.684339E-1
2018/04/24  14:43:20.472649	-3.681120E-1
2018/04/24  14:43:20.472669	-3.681120E-1
2018/04/24  14:43:20.472689	-3.687559E-1
2018/04/24  14:43:20.472709	-3.693997E-1
2018/04/24  14:43:20.472729	-3.697217E-1
2018/04/24  14:43:20.472749	-3.700436E-1
2018/04/24  14:43:20.472769	-3.700436E-1
2018/04/24  14:43:20.472789	-3.697217E-1
2018/04/24  14:43:20.472809	-3.690778E-1
2018/04/24  14:43:20.472829	-3.687559E-1
2018/04/24  14:43:20.472849	-3.677901E-1
2018/04/24  14:43:20.472869	-3.684339E-1
2018/04/24  14:43:20.472889	-3.677901E-1
2018/04/24  14:43:20.472909	-3.677901E-1
2018/04/24  14:43:20.472929	-3.677901E-1
2018/04/24  14:43:20.472949	-3.674682E-1
2018/04/24  14:43:20.472969	-3.677901E-1
2018/04/24  14:43:20.472989	-3.681120E-1
2018/04/24  14:43:20.473009	-3.690778E-1
2018/04/24  14:43:20.473029	-3.690778E-1
2018/04/24  14:43:20.473049	-3.697217E-1
2018/04/24  14:43:20.473069	-3.713313E-1
2018/04/24  14:43:20.473089	-3.700436E-1
2018/04/24  14:43:20.473109	-3.710094E-1
2018/04/24  14:43:20.473129	-3.716532E-1
2018/04/24  14:43:20.473149	-3.716532E-1
2018/04/24  14:43:20.473169	-3.719752E-1
2018/04/24  14:43:20.473189	-3.710094E-1
2018/04/24  14:43:20.473209	-3.710094E-1
2018/04/24  14:43:20.473229	-3.716532E-1
2018/04/24  14:43:20.473249	-3.700436E-1
2018/04/24  14:43:20.473269	-3.713313E-1
2018/04/24  14:43:20.473289	-3.722971E-1
2018/04/24  14:43:20.473309	-3.729409E-1
2018/04/24  14:43:20.473329	-3.735848E-1
2018/04/24  14:43:20.473349	-3.713313E-1
2018/04/24  14:43:20.473369	-3.700436E-1
2018/04/24  14:43:20.473389	-3.703655E-1
2018/04/24  14:43:20.473409	-3.710094E-1
2018/04/24  14:43:20.473429	-3.726190E-1
2018/04/24  14:43:20.473449	-3.719752E-1
2018/04/24  14:43:20.473469	-3.713313E-1
2018/04/24  14:43:20.473489	-3.703655E-1
2018/04/24  14:43:20.473509	-3.719752E-1
2018/04/24  14:43:20.473529	-3.713313E-1
2018/04/24  14:43:20.473549	-3.732629E-1
2018/04/24  14:43:20.473569	-3.722971E-1
2018/04/24  14:43:20.473589	-3.722971E-1
2018/04/24  14:43:20.473609	-3.726190E-1
2018/04/24  14:43:20.473629	-3.713313E-1
2018/04/24  14:43:20.473649	-3.703655E-1
2018/04/24  14:43:20.473669	-3.706874E-1
2018/04/24  14:43:20.473689	-3.706874E-1
2018/04/24  14:43:20.473709	-3.706874E-1
2018/04/24  14:43:20.473729	-3.703655E-1
2018/04/24  14:43:20.473749	-3.700436E-1
2018/04/24  14:43:20.473769	-3.710094E-1
2018/04/24  14:43:20.473789	-3.703655E-1
2018/04/24  14:43:20.473809	-3.700436E-1
2018/04/24  14:43:20.473829	-3.706874E-1
2018/04/24  14:43:20.473849	-3.706874E-1
2018/04/24  14:43:20.473869	-3.706874E-1
2018/04/24  14:43:20.473889	-3.693997E-1
2018/04/24  14:43:20.473909	-3.710094E-1
2018/04/24  14:43:20.473929	-3.710094E-1
2018/04/24  14:43:20.473949	-3.713313E-1
2018/04/24  14:43:20.473969	-3.706874E-1
2018/04/24  14:43:20.473989	-3.700436E-1
2018/04/24  14:43:20.474009	-3.693997E-1
2018/04/24  14:43:20.474029	-3.684339E-1
2018/04/24  14:43:20.474049	-3.668243E-1
2018/04/24  14:43:20.474069	-3.668243E-1
2018/04/24  14:43:20.474089	-3.661804E-1
2018/04/24  14:43:20.474109	-3.648927E-1
2018/04/24  14:43:20.474129	-3.652147E-1
2018/04/24  14:43:20.474149	-3.652147E-1
2018/04/24  14:43:20.474169	-3.642489E-1
2018/04/24  14:43:20.474189	-3.658585E-1
2018/04/24  14:43:20.474209	-3.655366E-1
2018/04/24  14:43:20.474229	-3.658585E-1
2018/04/24  14:43:20.474249	-3.658585E-1
2018/04/24  14:43:20.474269	-3.648927E-1
2018/04/24  14:43:20.474289	-3.648927E-1
2018/04/24  14:43:20.474309	-3.652147E-1
2018/04/24  14:43:20.474329	-3.648927E-1
2018/04/24  14:43:20.474349	-3.652147E-1
2018/04/24  14:43:20.474369	-3.658585E-1
2018/04/24  14:43:20.474389	-3.674682E-1
2018/04/24  14:43:20.474409	-3.671462E-1
2018/04/24  14:43:20.474429	-3.668243E-1
2018/04/24  14:43:20.474449	-3.665024E-1
2018/04/24  14:43:20.474469	-3.665024E-1
2018/04/24  14:43:20.474489	-3.668243E-1
2018/04/24  14:43:20.474509	-3.652147E-1
2018/04/24  14:43:20.474529	-3.648927E-1
2018/04/24  14:43:20.474549	-3.645708E-1
2018/04/24  14:43:20.474569	-3.648927E-1
2018/04/24  14:43:20.474589	-3.636050E-1
2018/04/24  14:43:20.474609	-3.632831E-1
2018/04/24  14:43:20.474629	-3.632831E-1
2018/04/24  14:43:20.474649	-3.626392E-1
2018/04/24  14:43:20.474669	-3.619954E-1
2018/04/24  14:43:20.474689	-3.623173E-1
2018/04/24  14:43:20.474709	-3.613515E-1
2018/04/24  14:43:20.474729	-3.616734E-1
2018/04/24  14:43:20.474749	-3.610296E-1
2018/04/24  14:43:20.474769	-3.600638E-1
2018/04/24  14:43:20.474789	-3.603857E-1
2018/04/24  14:43:20.474809	-3.590980E-1
2018/04/24  14:43:20.474829	-3.578103E-1
2018/04/24  14:43:20.474849	-3.571665E-1
2018/04/24  14:43:20.474869	-3.562007E-1
2018/04/24  14:43:20.474889	-3.565226E-1
2018/04/24  14:43:20.474909	-3.571665E-1
2018/04/24  14:43:20.474929	-3.562007E-1
2018/04/24  14:43:20.474949	-3.568445E-1
2018/04/24  14:43:20.474969	-3.558787E-1
2018/04/24  14:43:20.474989	-3.549130E-1
2018/04/24  14:43:20.475009	-3.558787E-1
2018/04/24  14:43:20.475029	-3.568445E-1
2018/04/24  14:43:20.475049	-3.568445E-1
2018/04/24  14:43:20.475069	-3.581322E-1
2018/04/24  14:43:20.475089	-3.594200E-1
2018/04/24  14:43:20.475109	-3.587761E-1
2018/04/24  14:43:20.475129	-3.574884E-1
2018/04/24  14:43:20.475149	-3.587761E-1
2018/04/24  14:43:20.475169	-3.587761E-1
2018/04/24  14:43:20.475189	-3.590980E-1
2018/04/24  14:43:20.475209	-3.578103E-1
2018/04/24  14:43:20.475229	-3.578103E-1
2018/04/24  14:43:20.475249	-3.571665E-1
2018/04/24  14:43:20.475269	-3.578103E-1
2018/04/24  14:43:20.475289	-3.571665E-1
2018/04/24  14:43:20.475309	-3.568445E-1
2018/04/24  14:43:20.475329	-3.571665E-1
2018/04/24  14:43:20.475349	-3.574884E-1
2018/04/24  14:43:20.475369	-3.578103E-1
2018/04/24  14:43:20.475389	-3.581322E-1
2018/04/24  14:43:20.475409	-3.587761E-1
2018/04/24  14:43:20.475429	-3.584542E-1
2018/04/24  14:43:20.475449	-3.587761E-1
2018/04/24  14:43:20.475469	-3.590980E-1
2018/04/24  14:43:20.475489	-3.597419E-1
2018/04/24  14:43:20.475509	-3.594200E-1
2018/04/24  14:43:20.475529	-3.581322E-1
2018/04/24  14:43:20.475549	-3.587761E-1
2018/04/24  14:43:20.475569	-3.584542E-1
2018/04/24  14:43:20.475589	-3.587761E-1
2018/04/24  14:43:20.475609	-3.581322E-1
2018/04/24  14:43:20.475629	-3.587761E-1
2018/04/24  14:43:20.475649	-3.581322E-1
2018/04/24  14:43:20.475669	-3.584542E-1
2018/04/24  14:43:20.475689	-3.578103E-1
2018/04/24  14:43:20.475709	-3.594200E-1
2018/04/24  14:43:20.475729	-3.587761E-1
2018/04/24  14:43:20.475749	-3.581322E-1
2018/04/24  14:43:20.475769	-3.574884E-1
2018/04/24  14:43:20.475789	-3.594200E-1
2018/04/24  14:43:20.475809	-3.587761E-1
2018/04/24  14:43:20.475829	-3.590980E-1
2018/04/24  14:43:20.475849	-3.587761E-1
2018/04/24  14:43:20.475869	-3.578103E-1
2018/04/24  14:43:20.475889	-3.578103E-1
2018/04/24  14:43:20.475909	-3.562007E-1
2018/04/24  14:43:20.475929	-3.562007E-1
2018/04/24  14:43:20.475949	-3.558787E-1
2018/04/24  14:43:20.475969	-3.565226E-1
2018/04/24  14:43:20.475989	-3.574884E-1
2018/04/24  14:43:20.476009	-3.578103E-1
2018/04/24  14:43:20.476029	-3.574884E-1
2018/04/24  14:43:20.476049	-3.578103E-1
2018/04/24  14:43:20.476069	-3.574884E-1
2018/04/24  14:43:20.476089	-3.568445E-1
2018/04/24  14:43:20.476109	-3.565226E-1
2018/04/24  14:43:20.476129	-3.562007E-1
2018/04/24  14:43:20.476149	-3.571665E-1
2018/04/24  14:43:20.476169	-3.562007E-1
2018/04/24  14:43:20.476189	-3.571665E-1
2018/04/24  14:43:20.476209	-3.565226E-1
2018/04/24  14:43:20.476229	-3.558787E-1
2018/04/24  14:43:20.476249	-3.542691E-1
2018/04/24  14:43:20.476269	-3.536252E-1
2018/04/24  14:43:20.476289	-3.526595E-1
2018/04/24  14:43:20.476309	-3.542691E-1
2018/04/24  14:43:20.476329	-3.539472E-1
2018/04/24  14:43:20.476349	-3.533033E-1
2018/04/24  14:43:20.476369	-3.529814E-1
2018/04/24  14:43:20.476389	-3.536252E-1
2018/04/24  14:43:20.476409	-3.536252E-1
2018/04/24  14:43:20.476429	-3.539472E-1
2018/04/24  14:43:20.476449	-3.545910E-1
2018/04/24  14:43:20.476469	-3.542691E-1
2018/04/24  14:43:20.476489	-3.555568E-1
2018/04/24  14:43:20.476509	-3.542691E-1
2018/04/24  14:43:20.476529	-3.545910E-1
2018/04/24  14:43:20.476549	-3.539472E-1
2018/04/24  14:43:20.476569	-3.545910E-1
2018/04/24  14:43:20.476589	-3.545910E-1
2018/04/24  14:43:20.476609	-3.539472E-1
2018/04/24  14:43:20.476629	-3.539472E-1
2018/04/24  14:43:20.476649	-3.545910E-1
2018/04/24  14:43:20.476669	-3.533033E-1
2018/04/24  14:43:20.476689	-3.533033E-1
2018/04/24  14:43:20.476709	-3.529814E-1
2018/04/24  14:43:20.476729	-3.529814E-1
2018/04/24  14:43:20.476749	-3.529814E-1
2018/04/24  14:43:20.476769	-3.526595E-1
2018/04/24  14:43:20.476789	-3.549130E-1
2018/04/24  14:43:20.476809	-3.545910E-1
2018/04/24  14:43:20.476829	-3.533033E-1
2018/04/24  14:43:20.476849	-3.539472E-1
2018/04/24  14:43:20.476869	-3.542691E-1
2018/04/24  14:43:20.476889	-3.539472E-1
2018/04/24  14:43:20.476909	-3.533033E-1
2018/04/24  14:43:20.476929	-3.539472E-1
2018/04/24  14:43:20.476949	-3.536252E-1
2018/04/24  14:43:20.476969	-3.533033E-1
2018/04/24  14:43:20.476989	-3.529814E-1
2018/04/24  14:43:20.477009	-3.529814E-1
2018/04/24  14:43:20.477029	-3.539472E-1
2018/04/24  14:43:20.477049	-3.533033E-1
2018/04/24  14:43:20.477069	-3.526595E-1
2018/04/24  14:43:20.477089	-3.542691E-1
2018/04/24  14:43:20.477109	-3.539472E-1
2018/04/24  14:43:20.477129	-3.545910E-1
2018/04/24  14:43:20.477149	-3.536252E-1
2018/04/24  14:43:20.477169	-3.545910E-1
2018/04/24  14:43:20.477189	-3.539472E-1
2018/04/24  14:43:20.477209	-3.539472E-1
2018/04/24  14:43:20.477229	-3.549130E-1
2018/04/24  14:43:20.477249	-3.562007E-1
2018/04/24  14:43:20.477269	-3.568445E-1
2018/04/24  14:43:20.477289	-3.571665E-1
2018/04/24  14:43:20.477309	-3.574884E-1
2018/04/24  14:43:20.477329	-3.574884E-1
2018/04/24  14:43:20.477349	-3.571665E-1
2018/04/24  14:43:20.477369	-3.574884E-1
2018/04/24  14:43:20.477389	-3.568445E-1
2018/04/24  14:43:20.477409	-3.574884E-1
2018/04/24  14:43:20.477429	-3.581322E-1
2018/04/24  14:43:20.477449	-3.578103E-1
2018/04/24  14:43:20.477469	-3.584542E-1
2018/04/24  14:43:20.477489	-3.587761E-1
2018/04/24  14:43:20.477509	-3.584542E-1
2018/04/24  14:43:20.477529	-3.578103E-1
2018/04/24  14:43:20.477549	-3.584542E-1
2018/04/24  14:43:20.477569	-3.587761E-1
2018/04/24  14:43:20.477589	-3.581322E-1
2018/04/24  14:43:20.477609	-3.578103E-1
2018/04/24  14:43:20.477629	-3.574884E-1
2018/04/24  14:43:20.477649	-3.584542E-1
2018/04/24  14:43:20.477669	-3.574884E-1
2018/04/24  14:43:20.477689	-3.568445E-1
2018/04/24  14:43:20.477709	-3.558787E-1
2018/04/24  14:43:20.477729	-3.565226E-1
2018/04/24  14:43:20.477749	-3.562007E-1
2018/04/24  14:43:20.477769	-3.555568E-1
2018/04/24  14:43:20.477789	-3.555568E-1
2018/04/24  14:43:20.477809	-3.555568E-1
2018/04/24  14:43:20.477829	-3.558787E-1
2018/04/24  14:43:20.477849	-3.558787E-1
2018/04/24  14:43:20.477869	-3.552349E-1
2018/04/24  14:43:20.477889	-3.558787E-1
2018/04/24  14:43:20.477909	-3.555568E-1
2018/04/24  14:43:20.477929	-3.552349E-1
2018/04/24  14:43:20.477949	-3.552349E-1
2018/04/24  14:43:20.477969	-3.549130E-1
2018/04/24  14:43:20.477989	-3.536252E-1
2018/04/24  14:43:20.478009	-3.542691E-1
2018/04/24  14:43:20.478029	-3.549130E-1
2018/04/24  14:43:20.478049	-3.545910E-1
2018/04/24  14:43:20.478069	-3.542691E-1
2018/04/24  14:43:20.478089	-3.542691E-1
2018/04/24  14:43:20.478109	-3.545910E-1
2018/04/24  14:43:20.478129	-3.545910E-1
2018/04/24  14:43:20.478149	-3.555568E-1
2018/04/24  14:43:20.478169	-3.545910E-1
2018/04/24  14:43:20.478189	-3.549130E-1
2018/04/24  14:43:20.478209	-3.552349E-1
2018/04/24  14:43:20.478229	-3.552349E-1
2018/04/24  14:43:20.478249	-3.555568E-1
2018/04/24  14:43:20.478269	-3.558787E-1
2018/04/24  14:43:20.478289	-3.558787E-1
2018/04/24  14:43:20.478309	-3.558787E-1
2018/04/24  14:43:20.478329	-3.558787E-1
2018/04/24  14:43:20.478349	-3.565226E-1
2018/04/24  14:43:20.478369	-3.539472E-1
2018/04/24  14:43:20.478389	-3.545910E-1
2018/04/24  14:43:20.478409	-3.562007E-1
2018/04/24  14:43:20.478429	-3.558787E-1
2018/04/24  14:43:20.478449	-3.549130E-1
2018/04/24  14:43:20.478469	-3.549130E-1
2018/04/24  14:43:20.478489	-3.549130E-1
2018/04/24  14:43:20.478509	-3.562007E-1
2018/04/24  14:43:20.478529	-3.562007E-1
2018/04/24  14:43:20.478549	-3.571665E-1
2018/04/24  14:43:20.478569	-3.578103E-1
2018/04/24  14:43:20.478589	-3.581322E-1
2018/04/24  14:43:20.478609	-3.578103E-1
2018/04/24  14:43:20.478629	-3.581322E-1
2018/04/24  14:43:20.478649	-3.581322E-1
2018/04/24  14:43:20.478669	-3.587761E-1
2018/04/24  14:43:20.478689	-3.574884E-1
2018/04/24  14:43:20.478709	-3.574884E-1
2018/04/24  14:43:20.478729	-3.581322E-1
2018/04/24  14:43:20.478749	-3.581322E-1
2018/04/24  14:43:20.478769	-3.574884E-1
2018/04/24  14:43:20.478789	-3.581322E-1
2018/04/24  14:43:20.478809	-3.587761E-1
2018/04/24  14:43:20.478829	-3.587761E-1
2018/04/24  14:43:20.478849	-3.581322E-1
2018/04/24  14:43:20.478869	-3.578103E-1
2018/04/24  14:43:20.478889	-3.578103E-1
2018/04/24  14:43:20.478909	-3.584542E-1
2018/04/24  14:43:20.478929	-3.584542E-1
2018/04/24  14:43:20.478949	-3.571665E-1
2018/04/24  14:43:20.478969	-3.574884E-1
2018/04/24  14:43:20.478989	-3.558787E-1
2018/04/24  14:43:20.479009	-3.545910E-1
2018/04/24  14:43:20.479029	-3.552349E-1
2018/04/24  14:43:20.479049	-3.558787E-1
2018/04/24  14:43:20.479069	-3.558787E-1
2018/04/24  14:43:20.479089	-3.571665E-1
2018/04/24  14:43:20.479109	-3.571665E-1
2018/04/24  14:43:20.479129	-3.574884E-1
2018/04/24  14:43:20.479149	-3.578103E-1
2018/04/24  14:43:20.479169	-3.574884E-1
2018/04/24  14:43:20.479189	-3.574884E-1
2018/04/24  14:43:20.479209	-3.568445E-1
2018/04/24  14:43:20.479229	-3.562007E-1
2018/04/24  14:43:20.479249	-3.565226E-1
2018/04/24  14:43:20.479269	-3.568445E-1
2018/04/24  14:43:20.479289	-3.568445E-1
2018/04/24  14:43:20.479309	-3.568445E-1
2018/04/24  14:43:20.479329	-3.565226E-1
2018/04/24  14:43:20.479349	-3.555568E-1
2018/04/24  14:43:20.479369	-3.555568E-1
2018/04/24  14:43:20.479389	-3.545910E-1
2018/04/24  14:43:20.479409	-3.558787E-1
2018/04/24  14:43:20.479429	-3.555568E-1
2018/04/24  14:43:20.479449	-3.539472E-1
2018/04/24  14:43:20.479469	-3.539472E-1
2018/04/24  14:43:20.479489	-3.542691E-1
2018/04/24  14:43:20.479509	-3.539472E-1
2018/04/24  14:43:20.479529	-3.545910E-1
2018/04/24  14:43:20.479549	-3.533033E-1
2018/04/24  14:43:20.479569	-3.539472E-1
2018/04/24  14:43:20.479589	-3.533033E-1
2018/04/24  14:43:20.479609	-3.529814E-1
2018/04/24  14:43:20.479629	-3.520156E-1
2018/04/24  14:43:20.479649	-3.520156E-1
2018/04/24  14:43:20.479669	-3.510498E-1
2018/04/24  14:43:20.479689	-3.500840E-1
2018/04/24  14:43:20.479709	-3.500840E-1
2018/04/24  14:43:20.479729	-3.504060E-1
2018/04/24  14:43:20.479749	-3.491182E-1
2018/04/24  14:43:20.479769	-3.500840E-1
2018/04/24  14:43:20.479789	-3.494402E-1
2018/04/24  14:43:20.479809	-3.484744E-1
2018/04/24  14:43:20.479829	-3.478305E-1
2018/04/24  14:43:20.479849	-3.475086E-1
2018/04/24  14:43:20.479869	-3.468647E-1
2018/04/24  14:43:20.479889	-3.471867E-1
2018/04/24  14:43:20.479909	-3.475086E-1
2018/04/24  14:43:20.479929	-3.478305E-1
2018/04/24  14:43:20.479949	-3.484744E-1
2018/04/24  14:43:20.479969	-3.487963E-1
2018/04/24  14:43:20.479989	-3.487963E-1
2018/04/24  14:43:20.480009	-3.487963E-1
2018/04/24  14:43:20.480029	-3.504060E-1
2018/04/24  14:43:20.480049	-3.494402E-1
2018/04/24  14:43:20.480069	-3.491182E-1
2018/04/24  14:43:20.480089	-3.491182E-1
2018/04/24  14:43:20.480109	-3.494402E-1
2018/04/24  14:43:20.480129	-3.481525E-1
2018/04/24  14:43:20.480149	-3.475086E-1
2018/04/24  14:43:20.480169	-3.484744E-1
2018/04/24  14:43:20.480189	-3.487963E-1
2018/04/24  14:43:20.480209	-3.491182E-1
2018/04/24  14:43:20.480229	-3.494402E-1
2018/04/24  14:43:20.480249	-3.487963E-1
2018/04/24  14:43:20.480269	-3.491182E-1
2018/04/24  14:43:20.480289	-3.494402E-1
2018/04/24  14:43:20.480309	-3.491182E-1
2018/04/24  14:43:20.480329	-3.484744E-1
2018/04/24  14:43:20.480349	-3.507279E-1
2018/04/24  14:43:20.480369	-3.504060E-1
2018/04/24  14:43:20.480389	-3.504060E-1
2018/04/24  14:43:20.480409	-3.507279E-1
2018/04/24  14:43:20.480429	-3.507279E-1
2018/04/24  14:43:20.480449	-3.507279E-1
2018/04/24  14:43:20.480469	-3.510498E-1
2018/04/24  14:43:20.480489	-3.507279E-1
2018/04/24  14:43:20.480509	-3.513717E-1
2018/04/24  14:43:20.480529	-3.494402E-1
2018/04/24  14:43:20.480549	-3.494402E-1
2018/04/24  14:43:20.480569	-3.494402E-1
2018/04/24  14:43:20.480589	-3.500840E-1
2018/04/24  14:43:20.480609	-3.497621E-1
2018/04/24  14:43:20.480629	-3.500840E-1
2018/04/24  14:43:20.480649	-3.491182E-1
2018/04/24  14:43:20.480669	-3.491182E-1
2018/04/24  14:43:20.480689	-3.500840E-1
2018/04/24  14:43:20.480709	-3.507279E-1
2018/04/24  14:43:20.480729	-3.507279E-1
2018/04/24  14:43:20.480749	-3.507279E-1
2018/04/24  14:43:20.480769	-3.497621E-1
2018/04/24  14:43:20.480789	-3.494402E-1
2018/04/24  14:43:20.480809	-3.487963E-1
2018/04/24  14:43:20.480829	-3.500840E-1
2018/04/24  14:43:20.480849	-3.500840E-1
2018/04/24  14:43:20.480869	-3.494402E-1
2018/04/24  14:43:20.480889	-3.504060E-1
2018/04/24  14:43:20.480909	-3.481525E-1
2018/04/24  14:43:20.480929	-3.484744E-1
2018/04/24  14:43:20.480949	-3.481525E-1
2018/04/24  14:43:20.480969	-3.481525E-1
2018/04/24  14:43:20.480989	-3.494402E-1
2018/04/24  14:43:20.481009	-3.491182E-1
2018/04/24  14:43:20.481029	-3.484744E-1
2018/04/24  14:43:20.481049	-3.484744E-1
2018/04/24  14:43:20.481069	-3.475086E-1
2018/04/24  14:43:20.481089	-3.471867E-1
2018/04/24  14:43:20.481109	-3.458990E-1
2018/04/24  14:43:20.481129	-3.465428E-1
2018/04/24  14:43:20.481149	-3.462209E-1
2018/04/24  14:43:20.481169	-3.458990E-1
2018/04/24  14:43:20.481189	-3.468647E-1
2018/04/24  14:43:20.481209	-3.465428E-1
2018/04/24  14:43:20.481229	-3.462209E-1
2018/04/24  14:43:20.481249	-3.458990E-1
2018/04/24  14:43:20.481269	-3.449332E-1
2018/04/24  14:43:20.481289	-3.452551E-1
2018/04/24  14:43:20.481309	-3.465428E-1
2018/04/24  14:43:20.481329	-3.452551E-1
2018/04/24  14:43:20.481349	-3.462209E-1
2018/04/24  14:43:20.481369	-3.465428E-1
2018/04/24  14:43:20.481389	-3.452551E-1
2018/04/24  14:43:20.481409	-3.455770E-1
2018/04/24  14:43:20.481429	-3.439674E-1
2018/04/24  14:43:20.481449	-3.430016E-1
2018/04/24  14:43:20.481469	-3.436455E-1
2018/04/24  14:43:20.481489	-3.439674E-1
2018/04/24  14:43:20.481509	-3.452551E-1
2018/04/24  14:43:20.481529	-3.452551E-1
2018/04/24  14:43:20.481549	-3.452551E-1
2018/04/24  14:43:20.481569	-3.452551E-1
2018/04/24  14:43:20.481589	-3.449332E-1
2018/04/24  14:43:20.481609	-3.446112E-1
2018/04/24  14:43:20.481629	-3.442893E-1
2018/04/24  14:43:20.481649	-3.449332E-1
2018/04/24  14:43:20.481669	-3.442893E-1
2018/04/24  14:43:20.481689	-3.433235E-1
2018/04/24  14:43:20.481709	-3.442893E-1
2018/04/24  14:43:20.481729	-3.417139E-1
2018/04/24  14:43:20.481749	-3.430016E-1
2018/04/24  14:43:20.481769	-3.433235E-1
2018/04/24  14:43:20.481789	-3.436455E-1
2018/04/24  14:43:20.481809	-3.439674E-1
2018/04/24  14:43:20.481829	-3.436455E-1
2018/04/24  14:43:20.481849	-3.430016E-1
2018/04/24  14:43:20.481869	-3.433235E-1
2018/04/24  14:43:20.481889	-3.423578E-1
2018/04/24  14:43:20.481909	-3.420358E-1
2018/04/24  14:43:20.481929	-3.417139E-1
2018/04/24  14:43:20.481949	-3.413920E-1
2018/04/24  14:43:20.481969	-3.401043E-1
2018/04/24  14:43:20.481989	-3.404262E-1
2018/04/24  14:43:20.482009	-3.397823E-1
2018/04/24  14:43:20.482029	-3.410700E-1
2018/04/24  14:43:20.482049	-3.401043E-1
2018/04/24  14:43:20.482069	-3.407481E-1
2018/04/24  14:43:20.482089	-3.401043E-1
2018/04/24  14:43:20.482109	-3.397823E-1
2018/04/24  14:43:20.482129	-3.394604E-1
2018/04/24  14:43:20.482149	-3.394604E-1
2018/04/24  14:43:20.482169	-3.391385E-1
2018/04/24  14:43:20.482189	-3.391385E-1
2018/04/24  14:43:20.482209	-3.394604E-1
2018/04/24  14:43:20.482229	-3.404262E-1
2018/04/24  14:43:20.482249	-3.404262E-1
2018/04/24  14:43:20.482269	-3.404262E-1
2018/04/24  14:43:20.482289	-3.404262E-1
2018/04/24  14:43:20.482309	-3.401043E-1
2018/04/24  14:43:20.482329	-3.388165E-1
2018/04/24  14:43:20.482349	-3.388165E-1
2018/04/24  14:43:20.482369	-3.372069E-1
2018/04/24  14:43:20.482389	-3.381727E-1
2018/04/24  14:43:20.482409	-3.365630E-1
2018/04/24  14:43:20.482429	-3.375288E-1
2018/04/24  14:43:20.482449	-3.384946E-1
2018/04/24  14:43:20.482469	-3.384946E-1
2018/04/24  14:43:20.482489	-3.375288E-1
2018/04/24  14:43:20.482509	-3.381727E-1
2018/04/24  14:43:20.482529	-3.365630E-1
2018/04/24  14:43:20.482549	-3.359192E-1
2018/04/24  14:43:20.482569	-3.365630E-1
2018/04/24  14:43:20.482589	-3.372069E-1
2018/04/24  14:43:20.482609	-3.378508E-1
2018/04/24  14:43:20.482629	-3.378508E-1
2018/04/24  14:43:20.482649	-3.375288E-1
2018/04/24  14:43:20.482669	-3.384946E-1
2018/04/24  14:43:20.482689	-3.375288E-1
2018/04/24  14:43:20.482709	-3.378508E-1
2018/04/24  14:43:20.482729	-3.381727E-1
2018/04/24  14:43:20.482749	-3.381727E-1
2018/04/24  14:43:20.482769	-3.384946E-1
2018/04/24  14:43:20.482789	-3.372069E-1
2018/04/24  14:43:20.482809	-3.381727E-1
2018/04/24  14:43:20.482829	-3.362411E-1
2018/04/24  14:43:20.482849	-3.368850E-1
2018/04/24  14:43:20.482869	-3.368850E-1
2018/04/24  14:43:20.482889	-3.362411E-1
2018/04/24  14:43:20.482909	-3.368850E-1
2018/04/24  14:43:20.482929	-3.372069E-1
2018/04/24  14:43:20.482949	-3.362411E-1
2018/04/24  14:43:20.482969	-3.372069E-1
2018/04/24  14:43:20.482989	-3.365630E-1
2018/04/24  14:43:20.483009	-3.359192E-1
2018/04/24  14:43:20.483029	-3.352753E-1
2018/04/24  14:43:20.483049	-3.368850E-1
2018/04/24  14:43:20.483069	-3.365630E-1
2018/04/24  14:43:20.483089	-3.365630E-1
2018/04/24  14:43:20.483109	-3.372069E-1
2018/04/24  14:43:20.483129	-3.359192E-1
2018/04/24  14:43:20.483149	-3.359192E-1
2018/04/24  14:43:20.483169	-3.352753E-1
2018/04/24  14:43:20.483189	-3.352753E-1
2018/04/24  14:43:20.483209	-3.368850E-1
2018/04/24  14:43:20.483229	-3.362411E-1
2018/04/24  14:43:20.483249	-3.359192E-1
2018/04/24  14:43:20.483269	-3.368850E-1
2018/04/24  14:43:20.483289	-3.368850E-1
2018/04/24  14:43:20.483309	-3.372069E-1
2018/04/24  14:43:20.483329	-3.378508E-1
2018/04/24  14:43:20.483349	-3.368850E-1
2018/04/24  14:43:20.483369	-3.375288E-1
2018/04/24  14:43:20.483389	-3.368850E-1
2018/04/24  14:43:20.483409	-3.378508E-1
2018/04/24  14:43:20.483429	-3.381727E-1
2018/04/24  14:43:20.483449	-3.381727E-1
2018/04/24  14:43:20.483469	-3.384946E-1
2018/04/24  14:43:20.483489	-3.368850E-1
2018/04/24  14:43:20.483509	-3.368850E-1
2018/04/24  14:43:20.483529	-3.375288E-1
2018/04/24  14:43:20.483549	-3.368850E-1
2018/04/24  14:43:20.483569	-3.359192E-1
2018/04/24  14:43:20.483589	-3.349534E-1
2018/04/24  14:43:20.483609	-3.352753E-1
2018/04/24  14:43:20.483629	-3.355973E-1
2018/04/24  14:43:20.483649	-3.359192E-1
2018/04/24  14:43:20.483669	-3.359192E-1
2018/04/24  14:43:20.483689	-3.365630E-1
2018/04/24  14:43:20.483709	-3.378508E-1
2018/04/24  14:43:20.483729	-3.388165E-1
2018/04/24  14:43:20.483749	-3.381727E-1
2018/04/24  14:43:20.483769	-3.391385E-1
2018/04/24  14:43:20.483789	-3.397823E-1
2018/04/24  14:43:20.483809	-3.397823E-1
2018/04/24  14:43:20.483829	-3.391385E-1
2018/04/24  14:43:20.483849	-3.384946E-1
2018/04/24  14:43:20.483869	-3.384946E-1
2018/04/24  14:43:20.483889	-3.391385E-1
2018/04/24  14:43:20.483909	-3.388165E-1
2018/04/24  14:43:20.483929	-3.391385E-1
2018/04/24  14:43:20.483949	-3.384946E-1
2018/04/24  14:43:20.483969	-3.388165E-1
2018/04/24  14:43:20.483989	-3.397823E-1
2018/04/24  14:43:20.484009	-3.397823E-1
2018/04/24  14:43:20.484029	-3.397823E-1
2018/04/24  14:43:20.484049	-3.401043E-1
2018/04/24  14:43:20.484069	-3.401043E-1
2018/04/24  14:43:20.484089	-3.394604E-1
2018/04/24  14:43:20.484109	-3.404262E-1
2018/04/24  14:43:20.484129	-3.410700E-1
2018/04/24  14:43:20.484149	-3.404262E-1
2018/04/24  14:43:20.484169	-3.404262E-1
2018/04/24  14:43:20.484189	-3.404262E-1
2018/04/24  14:43:20.484209	-3.401043E-1
2018/04/24  14:43:20.484229	-3.407481E-1
2018/04/24  14:43:20.484249	-3.401043E-1
2018/04/24  14:43:20.484269	-3.407481E-1
2018/04/24  14:43:20.484289	-3.413920E-1
2018/04/24  14:43:20.484309	-3.417139E-1
2018/04/24  14:43:20.484329	-3.407481E-1
2018/04/24  14:43:20.484349	-3.410700E-1
2018/04/24  14:43:20.484369	-3.410700E-1
2018/04/24  14:43:20.484389	-3.426797E-1
2018/04/24  14:43:20.484409	-3.436455E-1
2018/04/24  14:43:20.484429	-3.436455E-1
2018/04/24  14:43:20.484449	-3.452551E-1
2018/04/24  14:43:20.484469	-3.452551E-1
2018/04/24  14:43:20.484489	-3.452551E-1
2018/04/24  14:43:20.484509	-3.458990E-1
2018/04/24  14:43:20.484529	-3.455770E-1
2018/04/24  14:43:20.484549	-3.455770E-1
2018/04/24  14:43:20.484569	-3.452551E-1
2018/04/24  14:43:20.484589	-3.458990E-1
2018/04/24  14:43:20.484609	-3.458990E-1
2018/04/24  14:43:20.484629	-3.446112E-1
2018/04/24  14:43:20.484649	-3.446112E-1
2018/04/24  14:43:20.484669	-3.426797E-1
2018/04/24  14:43:20.484689	-3.433235E-1
2018/04/24  14:43:20.484709	-3.433235E-1
2018/04/24  14:43:20.484729	-3.426797E-1
2018/04/24  14:43:20.484749	-3.417139E-1
2018/04/24  14:43:20.484769	-3.423578E-1
2018/04/24  14:43:20.484789	-3.417139E-1
2018/04/24  14:43:20.484809	-3.423578E-1
2018/04/24  14:43:20.484829	-3.430016E-1
2018/04/24  14:43:20.484849	-3.430016E-1
2018/04/24  14:43:20.484869	-3.423578E-1
2018/04/24  14:43:20.484889	-3.426797E-1
2018/04/24  14:43:20.484909	-3.423578E-1
2018/04/24  14:43:20.484929	-3.426797E-1
2018/04/24  14:43:20.484949	-3.420358E-1
2018/04/24  14:43:20.484969	-3.417139E-1
2018/04/24  14:43:20.484989	-3.410700E-1
2018/04/24  14:43:20.485009	-3.413920E-1
2018/04/24  14:43:20.485029	-3.417139E-1
2018/04/24  14:43:20.485049	-3.410700E-1
2018/04/24  14:43:20.485069	-3.417139E-1
2018/04/24  14:43:20.485089	-3.404262E-1
2018/04/24  14:43:20.485109	-3.401043E-1
2018/04/24  14:43:20.485129	-3.404262E-1
2018/04/24  14:43:20.485149	-3.404262E-1
2018/04/24  14:43:20.485169	-3.401043E-1
2018/04/24  14:43:20.485189	-3.401043E-1
2018/04/24  14:43:20.485209	-3.404262E-1
2018/04/24  14:43:20.485229	-3.394604E-1
2018/04/24  14:43:20.485249	-3.391385E-1
2018/04/24  14:43:20.485269	-3.404262E-1
2018/04/24  14:43:20.485289	-3.397823E-1
2018/04/24  14:43:20.485309	-3.394604E-1
2018/04/24  14:43:20.485329	-3.388165E-1
2018/04/24  14:43:20.485349	-3.391385E-1
2018/04/24  14:43:20.485369	-3.388165E-1
2018/04/24  14:43:20.485389	-3.394604E-1
2018/04/24  14:43:20.485409	-3.391385E-1
2018/04/24  14:43:20.485429	-3.404262E-1
2018/04/24  14:43:20.485449	-3.391385E-1
2018/04/24  14:43:20.485469	-3.397823E-1
2018/04/24  14:43:20.485489	-3.397823E-1
2018/04/24  14:43:20.485509	-3.391385E-1
2018/04/24  14:43:20.485529	-3.394604E-1
2018/04/24  14:43:20.485549	-3.410700E-1
2018/04/24  14:43:20.485569	-3.407481E-1
2018/04/24  14:43:20.485589	-3.420358E-1
2018/04/24  14:43:20.485609	-3.413920E-1
2018/04/24  14:43:20.485629	-3.410700E-1
2018/04/24  14:43:20.485649	-3.413920E-1
2018/04/24  14:43:20.485669	-3.410700E-1
2018/04/24  14:43:20.485689	-3.417139E-1
2018/04/24  14:43:20.485709	-3.426797E-1
2018/04/24  14:43:20.485729	-3.423578E-1
2018/04/24  14:43:20.485749	-3.417139E-1
2018/04/24  14:43:20.485769	-3.423578E-1
2018/04/24  14:43:20.485789	-3.420358E-1
2018/04/24  14:43:20.485809	-3.433235E-1
2018/04/24  14:43:20.485829	-3.436455E-1
2018/04/24  14:43:20.485849	-3.436455E-1
2018/04/24  14:43:20.485869	-3.442893E-1
2018/04/24  14:43:20.485889	-3.433235E-1
2018/04/24  14:43:20.485909	-3.452551E-1
2018/04/24  14:43:20.485929	-3.442893E-1
2018/04/24  14:43:20.485949	-3.449332E-1
2018/04/24  14:43:20.485969	-3.449332E-1
2018/04/24  14:43:20.485989	-3.446112E-1
2018/04/24  14:43:20.486009	-3.430016E-1
2018/04/24  14:43:20.486029	-3.430016E-1
2018/04/24  14:43:20.486049	-3.436455E-1
2018/04/24  14:43:20.486069	-3.449332E-1
2018/04/24  14:43:20.486089	-3.446112E-1
2018/04/24  14:43:20.486109	-3.455770E-1
2018/04/24  14:43:20.486129	-3.442893E-1
2018/04/24  14:43:20.486149	-3.446112E-1
2018/04/24  14:43:20.486169	-3.452551E-1
2018/04/24  14:43:20.486189	-3.449332E-1
2018/04/24  14:43:20.486209	-3.452551E-1
2018/04/24  14:43:20.486229	-3.446112E-1
2018/04/24  14:43:20.486249	-3.449332E-1
2018/04/24  14:43:20.486269	-3.458990E-1
2018/04/24  14:43:20.486289	-3.458990E-1
2018/04/24  14:43:20.486309	-3.455770E-1
2018/04/24  14:43:20.486329	-3.449332E-1
2018/04/24  14:43:20.486349	-3.452551E-1
2018/04/24  14:43:20.486369	-3.446112E-1
2018/04/24  14:43:20.486389	-3.446112E-1
2018/04/24  14:43:20.486409	-3.442893E-1
2018/04/24  14:43:20.486429	-3.433235E-1
2018/04/24  14:43:20.486449	-3.433235E-1
2018/04/24  14:43:20.486469	-3.436455E-1
2018/04/24  14:43:20.486489	-3.436455E-1
2018/04/24  14:43:20.486509	-3.430016E-1
2018/04/24  14:43:20.486529	-3.426797E-1
2018/04/24  14:43:20.486549	-3.420358E-1
2018/04/24  14:43:20.486569	-3.423578E-1
2018/04/24  14:43:20.486589	-3.401043E-1
2018/04/24  14:43:20.486609	-3.404262E-1
2018/04/24  14:43:20.486629	-3.417139E-1
2018/04/24  14:43:20.486649	-3.420358E-1
2018/04/24  14:43:20.486669	-3.417139E-1
2018/04/24  14:43:20.486689	-3.423578E-1
2018/04/24  14:43:20.486709	-3.420358E-1
2018/04/24  14:43:20.486729	-3.417139E-1
2018/04/24  14:43:20.486749	-3.413920E-1
2018/04/24  14:43:20.486769	-3.401043E-1
2018/04/24  14:43:20.486789	-3.410700E-1
